

                                              Load Flow Results

------------------------------------------------------------------------------------------------------------------------------------------
 Bus ID             Bus Voltage         Generation           Load             To             Branch P+jQ          Xfr Ratio   PS-Xfr Ang
               base     Mag   Ang     (mW)    (mVar)    (mW)    (mVar)      Bus ID      (mW)    (mVar)   (kA)   (From)  (To) (from)   (to)
------------------------------------------------------------------------------------------------------------------------------------------
No1            132000 1.0600   0.0   232.39   -16.55     0.00     0.00  No2            156.88   -20.40   0.653 
                                                                        No5             75.51     3.85   0.312 
No2            132000 1.0450  -5.0    40.00    43.56    21.70    12.70  No3             73.24     3.56   0.307 
                                                                        No4             56.13    -1.55   0.235 
                                                                        No5             41.52     1.17   0.174 
                                                                        No1           -152.59    27.68   0.653 
No3            132000 1.0100 -12.7     0.00    25.08    94.20    19.00  No4            -23.29     4.47   0.103 
                                                                        No2            -70.91     1.60   0.307 
No4            132000 1.0177 -10.3     0.00     0.00    47.80    -3.90  No5            -61.16    15.82   0.272 
                                                                        No7             28.07    -9.68   0.128  0.978       
                                                                        No9             16.08    -0.43   0.069  0.969       
                                                                        No2            -54.45     3.02   0.235 
                                                                        No3             23.66    -4.84   0.103 
No5            132000 1.0195  -8.8     0.00     0.00     7.60     1.60  No6             44.09    12.47   0.197  0.932       
                                                                        No1            -72.75     2.23   0.312 
                                                                        No2            -40.61    -2.10   0.174 
                                                                        No4             61.67   -14.20   0.272 
No6             35000 1.0700 -14.2     0.00    12.73    11.20     7.50  No11             7.35     3.56   0.126 
                                                                        No12             7.79     2.50   0.126 
                                                                        No13            17.75     7.22   0.295 
                                                                        No5            -44.09    -8.05   0.741         0.932
No7             35000 1.0615 -13.4     0.00     0.00     0.00     0.00  No8              0.00   -17.16   0.267              
                                                                        No9             28.07     5.78   0.445              
                                                                        No4            -28.07    11.38   0.481         0.978
No8             10000 1.0900 -13.4     0.00    17.62     0.00     0.00  No7             -0.00    17.62   0.933              
No9             35000 1.0559 -14.9     0.00     0.00    29.50    16.60  No10             5.23     4.22   0.105 
                                                                        No14             9.43     3.61   0.158 
                                                                        No4            -16.08     1.73   0.261         0.969
                                                                        No7            -28.07    -4.98   0.445              
No10            35000 1.0510 -15.1     0.00     0.00     9.00     5.80  No11            -3.79    -1.62   0.065 
                                                                        No9             -5.21    -4.18   0.105 
No11            35000 1.0569 -14.8     0.00     0.00     3.50     1.80  No6             -7.30    -3.44   0.126 
                                                                        No10             3.80     1.64   0.065 
No12            35000 1.0552 -15.1     0.00     0.00     6.10     1.60  No13             1.61     0.75   0.028 
                                                                        No6             -7.71    -2.35   0.126 
No13            35000 1.0504 -15.2     0.00     0.00    13.50     5.80  No14             5.64     1.75   0.093 
                                                                        No6            -17.54    -6.80   0.295 
                                                                        No12            -1.61    -0.75   0.028 
No14            35000 1.0355 -16.0     0.00     0.00    14.90     5.00  No9             -9.31    -3.36   0.158 
                                                                        No13            -5.59    -1.64   0.093 
------------------------------------------------------------------------------------------------------------------------------------------
