

                                              Load Flow Results

------------------------------------------------------------------------------------------------------------------------------------------
 Bus ID             Bus Voltage         Generation           Load             To             Branch P+jQ          Xfr Ratio   PS-Xfr Ang
               base     Mag   Ang     (mW)    (mVar)    (mW)    (mVar)      Bus ID      (mW)    (mVar)   (kA)   (From)  (To) (from)   (to)
------------------------------------------------------------------------------------------------------------------------------------------
Bus1           132000 1.0600   0.0   232.39   -16.55     0.00     0.00  Bus2           156.88   -20.40   0.653 
                                                                        Bus5            75.51     3.85   0.312 
Bus2           132000 1.0450  -5.0    40.00    43.56    21.70    12.70  Bus3            73.24     3.56   0.307 
                                                                        Bus4            56.13    -1.55   0.235 
                                                                        Bus5            41.52     1.17   0.174 
                                                                        Bus1          -152.59    27.68   0.653 
Bus3           132000 1.0100 -12.7     0.00    25.08    94.20    19.00  Bus4           -23.29     4.47   0.103 
                                                                        Bus2           -70.91     1.60   0.307 
Bus4           132000 1.0177 -10.3     0.00     0.00    47.80    -3.90  Bus5           -61.16    15.82   0.272 
                                                                        Bus7            28.07    -9.68   0.128  0.978       
                                                                        Bus9            16.08    -0.43   0.069  0.969       
                                                                        Bus2           -54.45     3.02   0.235 
                                                                        Bus3            23.66    -4.84   0.103 
Bus5           132000 1.0195  -8.8     0.00     0.00     7.60     1.60  Bus6            44.09    12.47   0.197  0.932       
                                                                        Bus1           -72.75     2.23   0.312 
                                                                        Bus2           -40.61    -2.10   0.174 
                                                                        Bus4            61.67   -14.20   0.272 
Bus6            35000 1.0700 -14.2     0.00    12.73    11.20     7.50  Bus11            7.35     3.56   0.126 
                                                                        Bus12            7.79     2.50   0.126 
                                                                        Bus13           17.75     7.22   0.295 
                                                                        Bus5           -44.09    -8.05   0.741         0.932
Bus7            35000 1.0615 -13.4     0.00     0.00     0.00     0.00  Bus8             0.00   -17.16   0.267              
                                                                        Bus9            28.07     5.78   0.445              
                                                                        Bus4           -28.07    11.38   0.481         0.978
Bus8            10000 1.0900 -13.4     0.00    17.62     0.00     0.00  Bus7            -0.00    17.62   0.933              
Bus9            35000 1.0559 -14.9     0.00     0.00    29.50    16.60  Bus10            5.23     4.22   0.105 
                                                                        Bus14            9.43     3.61   0.158 
                                                                        Bus4           -16.08     1.73   0.261         0.969
                                                                        Bus7           -28.07    -4.98   0.445              
Bus10           35000 1.0510 -15.1     0.00     0.00     9.00     5.80  Bus11           -3.79    -1.62   0.065 
                                                                        Bus9            -5.21    -4.18   0.105 
Bus11           35000 1.0569 -14.8     0.00     0.00     3.50     1.80  Bus6            -7.30    -3.44   0.126 
                                                                        Bus10            3.80     1.64   0.065 
Bus12           35000 1.0552 -15.1     0.00     0.00     6.10     1.60  Bus13            1.61     0.75   0.028 
                                                                        Bus6            -7.71    -2.35   0.126 
Bus13           35000 1.0504 -15.2     0.00     0.00    13.50     5.80  Bus14            5.64     1.75   0.093 
                                                                        Bus6           -17.54    -6.80   0.295 
                                                                        Bus12           -1.61    -0.75   0.028 
Bus14           35000 1.0355 -16.0     0.00     0.00    14.90     5.00  Bus9            -9.31    -3.36   0.158 
                                                                        Bus13           -5.59    -1.64   0.093 
------------------------------------------------------------------------------------------------------------------------------------------
